0.164383561644	0.219178082192	0.191780821918	0.191780821918	0.232876712329	
0.352380952381	0.142857142857	0.133333333333	0.180952380952	0.190476190476	
0.211764705882	0.2	0.223529411765	0.188235294118	0.176470588235	
0.238938053097	0.19781363873	0.211348256117	0.16814159292	0.183758459136	
0.231560891938	0.15180102916	0.193396226415	0.186106346484	0.237135506003	
0.204090706981	0.192530013339	0.16851934193	0.164517563361	0.270342374389	
0.213546566322	0.152869238006	0.266227657573	0.166039510818	0.201317027281	
0.272313296903	0.140255009107	0.229508196721	0.211900425015	0.146023072253	
0.265415549598	0.143623132899	0.213711221754	0.191880505553	0.185369590195	
0.178360655738	0.120327868852	0.232459016393	0.24131147541	0.227540983607	
0.177002583979	0.169896640827	0.189599483204	0.139534883721	0.323966408269	
0.183951196621	0.190990145472	0.218207414359	0.166588456124	0.240262787424	
0.230843840931	0.162948593598	0.186226964113	0.238603297769	0.181377303589	
0.34036939314	0.134564643799	0.153034300792	0.158311345646	0.213720316623	
0.273195876289	0.154639175258	0.144329896907	0.231958762887	0.19587628866	
0.183333333333	0.183333333333	0.233333333333	0.2	0.2	
0.278145695364	0.211920529801	0.152317880795	0.192052980132	0.165562913907	
0.21897810219	0.226277372263	0.189781021898	0.167883211679	0.197080291971	
0.184684684685	0.324324324324	0.130630630631	0.220720720721	0.13963963964	
0.3	0.157142857143	0.185714285714	0.135714285714	0.221428571429	
0.222222222222	0.248366013072	0.176470588235	0.16339869281	0.18954248366	
0.225490196078	0.166666666667	0.147058823529	0.205882352941	0.254901960784	
0.201680672269	0.134453781513	0.210084033613	0.210084033613	0.243697478992	
0.25	0.202380952381	0.190476190476	0.190476190476	0.166666666667	
0.0986193293886	0.508875739645	0.143984220907	0.161735700197	0.0867850098619	
0.190677966102	0.182203389831	0.271186440678	0.152542372881	0.203389830508	
0.223214285714	0.196428571429	0.147321428571	0.232142857143	0.200892857143	
0.15987933635	0.251885369532	0.190045248869	0.143288084465	0.254901960784	
0.197674418605	0.197674418605	0.232558139535	0.186046511628	0.186046511628	
0.0920634920635	0.0857142857143	0.0730158730159	0.415873015873	0.333333333333	
0.169082125604	0.425120772947	0.164251207729	0.115942028986	0.125603864734	
0.136	0.4	0.128	0.2	0.136	
0.220272904483	0.302144249513	0.216374269006	0.12865497076	0.132553606238	
0.214254289485	0.155301363836	0.211174659041	0.195776506819	0.223493180818	
0.225716459549	0.149125031702	0.201369515597	0.200355059599	0.223433933553	
0.228474411836	0.161532864419	0.222653407713	0.211496483143	0.175842832889	
0.332205846823	0.144479342836	0.17733752114	0.183377627446	0.162599661754	
0.254901960784	0.185496420791	0.203236850296	0.166199813259	0.190164954871	
0.237808549067	0.126128838049	0.222757375075	0.203491872366	0.209813365443	
0.232937422443	0.137564261656	0.227973763517	0.223187378124	0.17833717426	
0.246094585919	0.131607104644	0.210357372138	0.228546971967	0.183393965333	
0.259513871839	0.119813405352	0.225632212129	0.190031917506	0.205008593175	
0.192	0.168	0.256	0.24	0.144	
0.171021377672	0.465558194774	0.0855106888361	0.163895486936	0.114014251781	
0.226804123711	0.185567010309	0.164948453608	0.226804123711	0.19587628866	
0.142857142857	0.203007518797	0.233082706767	0.285714285714	0.135338345865	
0.197802197802	0.241758241758	0.274725274725	0.142857142857	0.142857142857	
0.235294117647	0.176470588235	0.191176470588	0.176470588235	0.220588235294	
0.264705882353	0.176470588235	0.161764705882	0.191176470588	0.205882352941	
0.228312228312	0.121149121149	0.20223020223	0.243621243621	0.204687204687	
0.27159432746	0.117533304684	0.230124623979	0.202406532015	0.178341211861	
0.231649626125	0.150770639402	0.216389439951	0.203265679841	0.19792461468	
0.334288443171	0.119388729704	0.168576886342	0.200573065903	0.177172874881	
0.274209989806	0.113404689093	0.199541284404	0.203618756371	0.209225280326	
0.254326166754	0.112480335606	0.23308862087	0.213424226534	0.186680650236	
0.220700765203	0.135118807894	0.187474828836	0.237414418043	0.219291180024	
0.252999586264	0.153909805544	0.238932561026	0.182871328093	0.171286719073	
0.235515779557	0.117757889779	0.225859632595	0.195007065473	0.225859632595	
0.252865812542	0.1330636098	0.18790739492	0.204540346145	0.221622836592	
0.149933065596	0.176706827309	0.263721552878	0.161981258367	0.24765729585	
0.184182015168	0.160346695558	0.261105092091	0.178764897075	0.215601300108	
0.201844262295	0.160860655738	0.287909836066	0.206967213115	0.142418032787	
0.207692307692	0.212820512821	0.120512820513	0.253846153846	0.205128205128	
0.15411558669	0.273204903678	0.124343257443	0.140105078809	0.30823117338	
0.203389830508	0.176755447942	0.230024213075	0.193704600484	0.19612590799	
0.148351648352	0.325549450549	0.23489010989	0.127747252747	0.163461538462	
0.152014652015	0.309523809524	0.179487179487	0.117216117216	0.241758241758	
0.0800744878957	0.281191806331	0.186219739292	0.180633147114	0.271880819367	
0.309338521401	0.171206225681	0.145914396887	0.208171206226	0.165369649805	
0.170625302957	0.158022297625	0.181289384392	0.190984003878	0.299079011149	
0.197152245345	0.230010952903	0.157721796276	0.161007667032	0.254107338445	
0.215324165029	0.16463654224	0.184282907662	0.261689587426	0.174066797642	
0.204620462046	0.224422442244	0.122112211221	0.204620462046	0.244224422442	
0.272727272727	0.170454545455	0.215909090909	0.159090909091	0.181818181818	
0.183098591549	0.176056338028	0.133802816901	0.288732394366	0.218309859155	
0.181818181818	0.133838383838	0.275252525253	0.194444444444	0.214646464646	
0.0878378378378	0.557432432432	0.10472972973	0.0878378378378	0.162162162162	
0.191780821918	0.287671232877	0.178082191781	0.150684931507	0.191780821918	
0.180327868852	0.180327868852	0.245901639344	0.213114754098	0.180327868852	
0.178571428571	0.178571428571	0.22619047619	0.238095238095	0.178571428571	
0.20564516129	0.229334677419	0.182963709677	0.193044354839	0.189012096774	
0.216849451645	0.235294117647	0.175473579262	0.195413758724	0.176969092722	
0.222222222222	0.134502923977	0.239766081871	0.204678362573	0.198830409357	
0.207692307692	0.146153846154	0.184615384615	0.246153846154	0.215384615385	
0.188481675393	0.193717277487	0.198952879581	0.240837696335	0.178010471204	
0.125506072874	0.194331983806	0.182186234818	0.275303643725	0.222672064777	
0.178571428571	0.1875	0.125	0.294642857143	0.214285714286	
0.106965174129	0.388059701493	0.194029850746	0.136815920398	0.174129353234	
0.202898550725	0.188405797101	0.173913043478	0.246376811594	0.188405797101	
0.169772256729	0.331262939959	0.223602484472	0.0910973084886	0.184265010352	
0.153583617747	0.143344709898	0.184300341297	0.276450511945	0.242320819113	
0.23552936224	0.177436329194	0.196379709535	0.173016207114	0.217638391917	
0.129945222155	0.208460133901	0.171637248935	0.152769324407	0.337188070603	
0.177382875606	0.171890145396	0.180613893376	0.207754442649	0.262358642973	
0.146856840993	0.264659270998	0.208135235077	0.131008980454	0.249339672478	
0.162639405204	0.262081784387	0.182156133829	0.17843866171	0.21468401487	
0.129648241206	0.258291457286	0.211055276382	0.158793969849	0.242211055276	
0.265377855888	0.18014059754	0.178383128295	0.133567662566	0.242530755712	
0.17600896861	0.267376681614	0.206278026906	0.147421524664	0.202914798206	
0.226573426573	0.177622377622	0.21958041958	0.158041958042	0.218181818182	
0.255702280912	0.229891956783	0.178271308523	0.116446578631	0.21968787515	
